0 0.8900945784564649 0.9400224332156263
1 0.8975667589074139 0.9430890844048416
2 0.8946231725772296 0.9411683632811937
3 0.8928988180616868 0.9400442058413461
4 0.8900423185047632 0.9384091367467711
5 0.8895023556338113 0.9378750245184262
6 0.8869593896968637 0.9363770910009579
7 0.8874645251395068 0.9366438823603376
8 0.8863672002454395 0.9360291672614711
9 0.8883353740628774 0.9371091454121875
10 0.8833713563905519 0.9341904524650549
11 0.8893804663089762 0.9396514470815494
12 0.8978454663125802 0.9432642566035312
13 0.8949715142095265 0.9413326938555989
14 0.8934910105468593 0.9403291834494566
15 0.8908435580777376 0.938779539052469
16 0.8895372018713585 0.9379268982436988
17 0.8873426097244379 0.9366638634209031
18 0.8870813214941726 0.9365052177729108
19 0.8861930964751242 0.9359019341510891
20 0.8851479520485579 0.9352798491554692
21 0.8841551555523885 0.934674326439261
22 0.8826398062589238 0.9365042728976883
23 0.8991343906023161 0.9445751267842833
24 0.9009109322596058 0.9454559159660774
25 0.9025481993951381 0.9463252820989465
26 0.9011721852983932 0.945540795080877
27 0.9033494262263704 0.946695812167395
28 0.901625043800345 0.9457184046131667
29 0.9024611077678802 0.9461642799549301
30 0.9027572392019445 0.9463490669828056
31 0.9028443745151752 0.9463920722271215
32 0.9023217749981591 0.9461173377793184
33 0.883022997162516 0.9367083352450531
34 0.898420206858372 0.9442550987110119
35 0.900998042696102 0.9455190840781069
36 0.9005625766720677 0.9452444098051876
37 0.9016425005937228 0.9458233599043415
38 0.9029139389660993 0.9464780485681681
39 0.9032622933401382 0.9466351718957526
40 0.9024959382299372 0.9462296752050903
41 0.9023565981792205 0.9461028266938543
42 0.9027746571633464 0.9463479996877683
43 0.9033668096030438 0.9466210976543725
44 0.8714053977189045 0.9310551424813123
45 0.8857227229318309 0.937971666293712
46 0.8877780314557497 0.938944516380131
47 0.8889972493151501 0.9395125696822111
48 0.8896068530874786 0.939832465875709
49 0.8893282093910226 0.939710616832448
50 0.8893282154585189 0.9396296182853754
51 0.889363056842069 0.9396641498793876
52 0.8896765115845942 0.9398190154201742
53 0.8908609772526388 0.9404797825482181
54 0.8906867618403931 0.9403543886554697
55 0.8713357859415098 0.9310085924565332
56 0.8858272410149852 0.9380558011104607
57 0.88830054420757 0.9392403515738342
58 0.8884747274620857 0.9392599194195679
59 0.8894327135189357 0.9397347094331757
60 0.8903732628051455 0.9402403429474295
61 0.890425508801606 0.9402354034495009
62 0.8893455921609463 0.9396605362170809
63 0.8904603489716568 0.9402373754400231
64 0.8901816439934891 0.940062813064161
65 0.8910873737391352 0.9405593193534387
66 0.8888056857177092 0.9393284954881329
67 0.8977583115833616 0.9431915597966121
68 0.8937522538776524 0.9406593089538031
69 0.8915054108802745 0.939209728040606
70 0.8919756612533946 0.9393639475720519
71 0.8885270219985157 0.9373474507525614
72 0.8892236907011186 0.9376468793779149
73 0.8871510358122534 0.9365161921159979
74 0.8882308292827397 0.9369833436950716
75 0.8865239479428143 0.936027309404257
76 0.8853569760798743 0.9353628423970861
77 0.8894849631558936 0.9396856914036384
78 0.8975493257772715 0.9430460843817035
79 0.894536102792958 0.9411096184543837
80 0.8914008715608834 0.9391125646213333
81 0.889014694580285 0.9376580959659688
82 0.888840555011742 0.9375369843777328
83 0.88826571859951 0.9371651321135601
84 0.8869071297451622 0.9363123949621026
85 0.8873077216211667 0.9366191585049504
86 0.8861930351934124 0.9358748846460672
87 0.8855311411319013 0.9354429745860727
88 0.8830404157306674 0.936713771557988
89 0.9002316627091665 0.945192862201106
90 0.900823877644075 0.945427374651371
91 0.9018688964734696 0.9459297314127584
92 0.9013637901548083 0.9456377580643645
93 0.9020256890703164 0.9459871801897859
94 0.9034364984376404 0.9467660504208342
95 0.9013289797154889 0.9455572421379319
96 0.9026353152923808 0.9462862534042067
97 0.9019037311827738 0.9458705002289909
98 0.9031229903011485 0.946548996727695
99 0.8826224137810061 0.9364955590243357
100 0.8996568790841515 0.9448912905007787
101 0.9003013060375415 0.9451675686557928
102 0.9010328664839132 0.9454754417060047
103 0.9028617129923765 0.9464693270189923
104 0.9015379388245955 0.945697697360648
105 0.9020604594641608 0.9460122361063001
106 0.9027571876282268 0.9463299957966653
107 0.9025308117712174 0.9462200383112794
108 0.902635311651883 0.9462433863763182
109 0.9030707406641905 0.9464837199100793
110 0.8713183418898742 0.9310125836876858
111 0.8855137262042476 0.9378575396527278
112 0.8875342170078515 0.938797320168067
113 0.8891366306248412 0.9395877452187813
114 0.8892411110895189 0.9396662212081317
115 0.8906693347777469 0.9403396992463756
116 0.8899029778472971 0.9399767180298955
117 0.8896765382815774 0.939846069840472
118 0.8901294010307769 0.9400345205867381
119 0.8905474454529116 0.9402660379247794
120 0.8907041961840347 0.9403454710065468
121 0.8713357622782746 0.9310122547599693
122 0.886227835924738 0.9382425527984716
123 0.8880741440805757 0.9391207009534264
124 0.8891018031965322 0.939564055962816
125 0.8892063061109461 0.9396317489877302
126 0.8891888493175685 0.9395982666208207
127 0.8906519447268277 0.940349279988331
128 0.8897113814853765 0.9398430523095631
129 0.8902339148666838 0.9401291934216752
130 0.8904254657223827 0.9401495324459901
131 0.8908086942444515 0.9403843888141142
132 0.8889972875403764 0.939424897126856
133 0.8982112113442879 0.9434683496957299
134 0.893717443438333 0.9406802364121982
135 0.8934387700111456 0.9402749176973234
136 0.8894675555092355 0.9379536659691134
137 0.89014680078969 0.9382037709632246
138 0.8877780308490002 0.9368895676362656
139 0.8879870779368021 0.937002345407725
140 0.8875864490490706 0.9366702807475324
141 0.8876038287852461 0.9367828639649363
142 0.8861407928374498 0.9358008292433739
143 0.8891540485862429 0.9395234211051711
144 0.8981240857390513 0.9433840128690958
145 0.892933627287507 0.9401809995024197
146 0.8934039407625878 0.9403299829814242
147 0.8898159044225278 0.9381261375245996
148 0.8884225124098561 0.937280762598563
149 0.8871161525629792 0.936412437558022
150 0.8870116532890631 0.9364287253303571
151 0.88641947779288 0.9360727725346459
152 0.8878477063351051 0.936832454638626
153 0.8843990142930092 0.9348489790316403
154 0.8827617483709762 0.9365580217342314
155 0.8990472037153677 0.9445889051918712
156 0.9010154460955129 0.9455374715263992
157 0.901816639555516 0.9459320300168124
158 0.9006322412366794 0.9452562590652565
159 0.9021998723248321 0.9460937464538934
160 0.9023043497557618 0.9461444102095055
161 0.9008239122288034 0.9452804213597563
162 0.9023566006062191 0.946101431968718
163 0.9024785542465144 0.9461711391512819
164 0.9034365069321351 0.9466677283617431
165 0.88302297471278 0.9367020736684066
166 0.8993259044462881 0.9447637213513246
167 0.9011374070168036 0.9456091567643508
168 0.9017644160087918 0.9458836317334449
169 0.903279740425522 0.9466851811586932
170 0.9029314188159625 0.946476314107958
171 0.9024262524290887 0.9461900923148285
172 0.9019385974430585 0.945905847838727
173 0.9017120947753783 0.9457834487313905
174 0.9030532953990558 0.9464904237299429
175 0.9025482066761336 0.9461993831534072
176 0.8712834980793256 0.9309836209808651
177 0.8859317427158998 0.9380945945759032
178 0.8872381504959969 0.9386271636109583
179 0.8887882841385473 0.9394226706321249
180 0.8895197911909523 0.9397940354295025
181 0.8902861766386343 0.9401844769989383
182 0.890321099326634 0.9401759295359922
183 0.8897114136431065 0.9398585701275533
184 0.8897462210486778 0.9398186541102378
185 0.8910002839321262 0.9404744623057595
186 0.8900945651079732 0.9400021370722231
187 0.8712835138548157 0.930981029695562
188 0.8859665756049553 0.938103933115521
189 0.8880044558527288 0.9390613588061967
190 0.888701123948582 0.9393807776768042
191 0.8893456231051771 0.939735645847456
192 0.8897635789418671 0.9398840310854792
193 0.8905996483701488 0.9403353823842837
194 0.8897637008985411 0.9398548606688955
195 0.8895546726199774 0.9397597460607097
196 0.8896939447147365 0.9398078584890928
197 0.8903558302817529 0.9401988164564137
198 0.8765784903895144 0.9300714868279951
199 0.8430843349137438 0.9091370980890784
200 0.8371274139573154 0.9053265143986613
201 0.8324421061171547 0.9023196183318067
202 0.8304217093597422 0.9009044358328537
203 0.8289934583677813 0.9000001659869501
204 0.8263807853937484 0.8985114604220561
205 0.8261020664603392 0.898318553516803
206 0.826136972766099 0.8981569006835968
207 0.8253356767654099 0.8979189630904739
208 0.8231933743009222 0.8962941933553399
209 0.891261540611411 0.939680061630018
210 0.8682702945109999 0.9252625013456064
211 0.8566004241941936 0.9180183862314979
212 0.8547715352132568 0.9168916173724794
213 0.8506436694871617 0.9141892002715674
214 0.8487450698286418 0.9130055654733451
215 0.8485012098745219 0.9128560910149057
216 0.8464981904262865 0.9118266450714252
217 0.8454183035163585 0.9109945482269277
218 0.8446518846974471 0.910558634239448
219 0.8415341278544891 0.908778802854225
220 0.8931774945226224 0.9405593233311911
221 0.8888056584139763 0.9377940448497226
222 0.8885617905721113 0.937646229128739
223 0.8864891144470093 0.936511985642044
224 0.8865936191816719 0.93650403499421
225 0.8866284393289853 0.9365458668023217
226 0.8869768185797587 0.9367228786166111
227 0.8869419929716988 0.9366822080235666
228 0.8869942395749086 0.9366963578259861
229 0.8857749865240302 0.9360064932121285
230 0.8869768137257619 0.9367735295154332
231 0.8903558363492491 0.9402484641869167
232 0.8939613689214121 0.9418362774482774
233 0.8946405693023946 0.9421466820633184
234 0.8948321383605821 0.9422490499940804
235 0.8942922106811082 0.9419203019255247
236 0.8950934235570992 0.9423746406021105
237 0.8949018466111666 0.942280475401111
238 0.894605728525594 0.9420885850704652
239 0.8946928832548124 0.9421277951034234
240 0.894414182523892 0.9419581540973934
241 0.8950760049889479 0.9423969356881081
242 0.8779196224504845 0.9338006564039849
243 0.8750109260438201 0.9319217966184251
244 0.8744709188801457 0.9316139605707616
245 0.8752547077272387 0.9321043252302849
246 0.8750805390347138 0.931975183769512
247 0.8738961376821293 0.9312531277504188
248 0.8748018874505128 0.9317945151540912
249 0.8747496250718128 0.9317671087684185
250 0.8741399982429987 0.9314341289348612
251 0.8740703828251064 0.9313878058962916
252 0.875254744132216 0.9320426876259875
253 0.8719279329204606 0.9312045536341087
254 0.8748715781053583 0.9325705480510175
255 0.8736697254201427 0.9318845623046821
256 0.8744186759174335 0.9322657671761441
257 0.8736348737218489 0.9318540539523475
258 0.8736174223892179 0.93188379588994
259 0.8736697666791169 0.931904850551645
260 0.874348999824579 0.9322586272037281
261 0.874488374460024 0.9323487013920232
262 0.8742619573440406 0.9321873339687332
263 0.8741225899895908 0.9321541958350146
264 0.8819430787016076 0.9342555247228382
265 0.881995359889546 0.9342111586042464
266 0.881455404906339 0.933974929514338
267 0.8808980635127108 0.9336230068730555
268 0.8807761353558997 0.933584032313175
269 0.8819779443551427 0.9342517610432
270 0.8810547620633662 0.9336733624468623
271 0.8814728677672129 0.9339471140164937
272 0.8819604996967575 0.9342092974901663
273 0.8811767387601471 0.9337785527870519
274 0.881420556848543 0.933904200102136
275 0.8692979196489776 0.9300333814532433
276 0.8693153370036297 0.9300405987313336
277 0.8692456184383017 0.9300034562701083
278 0.8693849888264995 0.9300798851972516
279 0.8694720822740061 0.9301231185217123
280 0.86912370727048 0.9299366733102739
281 0.869210834089216 0.9299858252756394
282 0.8693502196461542 0.9300574856065418
283 0.8692804573948534 0.9300210817035297
284 0.8691585638227708 0.929957956468533
285 0.8693152872501607 0.9300392443160381
286 0.8794001333941471 0.9346620009529769
287 0.8790343543844605 0.934460887041764
288 0.8783724506149555 0.9341488870464115
289 0.8788601687029463 0.9343626370640832
290 0.8791214836301949 0.9345200606431769
291 0.8789821460064768 0.9344776743255807
292 0.8787382854456073 0.9343379885995193
293 0.8782854214829086 0.9340941518455781
294 0.878999543945141 0.9344737904858006
295 0.878825359477126 0.9343685737771902
296 0.8787905441838096 0.9343323066397244
297 0.8689669717080977 0.929889960872974
298 0.8689669753485953 0.9298898539517042
299 0.868966998405081 0.9298885551961789
300 0.8689669371233691 0.9298896416282064
301 0.8689670068995756 0.9298878060629063
302 0.8689669474381126 0.9298899896396542
303 0.868966974135096 0.9298898925662247
304 0.8689669607866044 0.929890121035631
305 0.868966956539357 0.9298901182628033
306 0.8689669407638668 0.9298897889920903
307 0.8689669692810991 0.9298900172833389
308 0.8084058035688726 0.8860239551505826
309 0.809503051405738 0.8868073990655468
310 0.8077787684866508 0.8856742047198912
311 0.8096250202147738 0.8868129835942017
312 0.8089805331931712 0.8864711966853713
313 0.8095030629339809 0.8867703031179612
314 0.8080225774738024 0.8858199069792563
315 0.8076044911859437 0.8855882658197358
316 0.8080051510179058 0.8857580570775727
317 0.8066291539101502 0.8849795204029571
318 0.8075174189746737 0.8856159404290189
319 0.8689669547191081 0.9298901059215976
320 0.8689669407638668 0.9298897889920903
321 0.8689669547191081 0.9298901059215976
322 0.8689669729215967 0.9298899282066478
323 0.868966956539357 0.9298901182628033
324 0.8689669704945984 0.9298899905652044
325 0.8689669632136028 0.9298901062625892
326 0.8689669880903373 0.9298892689379237
327 0.8689669680675998 0.9298900410273779
328 0.8689669656406014 0.929890079593172
329 0.8689669832363405 0.9298895304636503
330 0.8936652192848591 0.9411071683940189
331 0.8813857724994574 0.9330814965229429
332 0.8769094261954019 0.9303483738463021
333 0.8717885898359958 0.9271873284550279
334 0.8703255532814499 0.926235302098463
335 0.8665807413335325 0.9239520995221675
336 0.8696114174707258 0.9256749732642864
337 0.865465997264564 0.9232389402122336
338 0.8690018136983975 0.9253341071934018
339 0.8677651712033494 0.9245711390628167
340 0.8626966057171381 0.9214363617215137
341 0.8826920880536118 0.936407383162897
342 0.8905300438737497 0.9393402784650816
343 0.8883527786757874 0.9378305545047189
344 0.8854962779053648 0.9360378009958715
345 0.8845383998499474 0.9353846738901987
346 0.8847822003426044 0.9354047607643234
347 0.8818560519965593 0.9337460694424179
348 0.879974881827684 0.9326798790674293
349 0.8809677038073376 0.9331337168191467
350 0.8798007725966221 0.9323503055235698
351 0.8768048959772552 0.9306534932627704
352 0.8951631336279327 0.9423385154933244
353 0.8968004062242114 0.942960241211947
354 0.8949715396930106 0.9418937849154051
355 0.8968004110782084 0.9428087589326459
356 0.8962082064580434 0.942488725078092
357 0.8954591782968009 0.942062537286114
358 0.8945534716076404 0.9415266155956159
359 0.8943619389544303 0.9414160572425476
360 0.8953721151867753 0.9419191001324249
361 0.8960688397103435 0.9424005554904402
362 0.8942573553423168 0.9413343790455625
363 0.8733736237168097 0.931991253667378
364 0.8876908991762673 0.9389164772758847
365 0.8897461858571998 0.9398854007052457
366 0.8894327025974424 0.9396945034234119
367 0.8910699739802219 0.9405107674720321
368 0.8910873955821216 0.9405071923024881
369 0.8909306011650258 0.9404025793800403
370 0.8915054230152669 0.9407342869227472
371 0.891888585401627 0.9408899825117762
372 0.8914357730126461 0.9406630529763805
373 0.891627346318081 0.9407695618073402
374 0.8764217038601636 0.9334518374227658
375 0.8786860406626462 0.9344164225913053
376 0.8791214678547048 0.9346085899542762
377 0.8781983189341576 0.9340561609051738
378 0.877954450485543 0.933947810468043
379 0.877902236040063 0.9338818483077668
380 0.8784595622649508 0.934181181012104
381 0.8773274032683287 0.9335595238001755
382 0.8790169722212864 0.9344564309833843
383 0.8780241192974021 0.9339083411398934
384 0.8779196594622114 0.9338198047735516
385 0.8691237181919732 0.9299563742123123
386 0.8716841166523135 0.9311385643252312
387 0.871927977213183 0.9312217562273566
388 0.8727117703075233 0.9316072467149751
389 0.8725898045322357 0.9315437950480677
390 0.8727988601145323 0.9316512515876818
391 0.8724853362025504 0.9314764693815629
392 0.8731297904596733 0.9317950009691478
393 0.8727117854762639 0.9315839215259841
394 0.8729730221328112 0.9317255774938312
395 0.8731646184947318 0.9318062361630834
396 0.8745405664557679 0.9288057480475829
397 0.8461672352044111 0.9108384831769838
398 0.8388169647077846 0.9062028695767086
399 0.8355424619877004 0.9040329739752595
400 0.8302823056003152 0.9007019705373771
401 0.8284011991401503 0.8996311835395465
402 0.8254053850159944 0.8976593277642834
403 0.8270426794552594 0.8984409919450993
404 0.8312054702963526 0.9011130039019626
405 0.8258582313829539 0.8978499258541992
406 0.8259976478841229 0.8981186532489359
407 0.8955985511119972 0.9419511621597156
408 0.871405457787117 0.9268321789097184
409 0.8619301777969824 0.9210413048353963
410 0.8573842609745067 0.918241559797893
411 0.854736705964699 0.916567514088396
412 0.8523505126018608 0.9149958670188276
413 0.8466200967401112 0.9115810402252044
414 0.8465852547498114 0.9115271982967423
415 0.8442861117552567 0.9099817200956661
416 0.8441467395468101 0.9100942215423515
417 0.8426314448608114 0.9091069974561722
418 0.8941354544892386 0.9406035007445743
419 0.8866807472139071 0.9361412523196857
420 0.8869594060791035 0.9363426674562181
421 0.8872206846013748 0.936408016591793
422 0.8872728814511157 0.9364189764173492
423 0.8851479168570798 0.9351550230590824
424 0.8868200720958832 0.9361104262759176
425 0.8875689752667035 0.9365391924437663
426 0.8845034983981847 0.9348125715608491
427 0.8859840123755953 0.9357113502511313
428 0.8859491570368039 0.9356868123322093
429 0.9010677218227048 0.9456171255627648
430 0.902513388349069 0.9459449904717889
431 0.9007541791014845 0.9449235538607262
432 0.9002490606478308 0.9446166942911436
433 0.901607666491168 0.9453703393464699
434 0.9002316736306597 0.9445552480149619
435 0.9005625863800616 0.9447771544349304
436 0.9004232651385833 0.9446767393763897
437 0.9010503038613029 0.9449979711524625
438 0.900580046813937 0.9447586438394603
439 0.9019037445312655 0.9454980836493247
440 0.8885792710287241 0.9380985653760232
441 0.8827442921843482 0.934502255045687
442 0.8818560398615668 0.9339044445566473
443 0.879417514343822 0.9325197893957219
444 0.8809329061097602 0.9334444605749632
445 0.8800271727236164 0.9328993754050403
446 0.8799923622842969 0.9328878997533417
447 0.8798007659223763 0.9327643243426696
448 0.8804451752800273 0.9332013155383029
449 0.8806368262494138 0.933181068018894
450 0.8811244478642147 0.9334581680123356
451 0.8884920993105162 0.9393014301794843
452 0.8911396597810706 0.9402086463112787
453 0.891522847044165 0.9404043103043698
454 0.8907389762858731 0.939959366392311
455 0.8914183174327678 0.9403308050964951
456 0.891244118402762 0.9401960657001728
457 0.8912964092986942 0.9402457831617761
458 0.892097606399195 0.9406534357004913
459 0.8910003215506028 0.9400159306068886
460 0.8918537798163044 0.9405782030178674
461 0.8908957901189567 0.9400551216393114
462 0.8817341195925008 0.9336486954763572
